profile start end lum
a   0          0.5 		498
a   0.5        1		140
a   1          1.5		137
a   1.5        2		51
a   2          2.5		61
a   2.5        3		70
a   3          3.5		37
a   3.5        4		5
a   4          4.5		1
a   4.5        5		0
a   5          6		1
a   6          7		0
a   7          8		1
a   8          9		0
a   9          10		0
a   10         11		0
a   11         12		0
a   12         14		0
a   14         16		0
a   16         18		0
b   0          0.5		1140
b   0.5        1		4
b   1          1.5		0
b   1.5        2		0
b   2          2.5		2
b   2.5        3		0
b   3          3.5		0
b   3.5        4		0
b   4          4.5		0
b   4.5        5		0
b   5          6		0
b   6          7		0
b   7          8		0
b   8          9		0
b   9          10		0
b   10         11		0
b   11         12		0
b   12         14		0
b   14         16		0
b   16         18		0