"V1" "V2" "V3" "V4" "V5" "V6" "V7" "V8" "V9" "V10" "V11" "V12" "V13" "V14" "V15" "V16" "V17" "V18" "V19" "V20"
"1" 837405.253538587 349941.239816299 222648.558103016 159235.173192930 125201.732512608 110598.738982785 109972.681199413 119289.459143312 135455.655528459 156156.989900418 179706.425623734 204897.520407946 230880.019214652 257062.430447721 283039.045796980 308536.883420537 333377.104256846 357447.746412760 380684.000062549 403054.272476638
"2" 898694.52140139 446129.707994185 296013.198296351 207640.184771816 147705.040345843 108546.515825936 86230.0533765498 77233.8131586961 78373.3016830624 86976.4791219078 100921.876924431 118581.221133715 138730.492031125 160461.53865201 183106.718959828 206179.016501357 229326.045730677 252295.325234274 274908.423654912 297041.809609087
"3" 940886.077100712 528486.390517122 368307.245156958 264334.389698072 186416.119235181 128947.040919542 89571.7441899632 65547.0741938092 53894.8545436401 51843.9607467119 57043.2541015415 67598.22734793 82027.1795425745 99191.2782255273 118224.473049869 138472.922804987 159445.434507055 180775.008381711 202188.922208526 223486.10979981
"4" 971417.583462613 596770.384084645 434860.328623239 321258.797388378 230469.286513433 159057.584688740 106194.3239622 69955.4719549439 47669.2486416453 36580.3521080549 34214.8841537867 38503.1841476955 47780.0987352524 60735.2853154516 76350.9605624975 93842.940876915 112609.961224139 132192.90761324 152242.376018559 172493.563714149
"5" 994955.623423649 652958.83983573 494230.883868445 375207.906898601 275139.620326858 192926.573067576 129245.964564936 82993.3390484797 51842.0512041888 33110.3125130278 24262.3662145649 23109.6293990076 27852.0533961325 37048.2792213509 49561.9089103759 64505.2203225956 81188.4604945614 99077.7399156434 117760.890390057 136920.595503843
"6" 1014865.03151962 699464.935513943 546380.184384327 424902.462467843 318220.720495137 227575.26112118 155128.556980467 100588.398689712 61992.0882834429 36765.7431435973 22351.0755504223 16478.6500469443 17247.5163931069 23114.3807036669 32848.5095403609 45478.6448749871 60242.8936526732 76545.8603506632 93923.589722765 112014.919268453
"7" 1033227.24764160 738408.109305448 591912.177250342 469983.863870585 358695.341921581 261459.817147988 181869.056759262 120425.146902165 75537.6054057452 44763.0248851592 25548.3624685271 15571.1506098098 12854.7668609974 15776.0561701068 23028.4855430205 33572.7076063241 46587.4204939677 61426.2288170976 77581.7900219899 94656.2718199535
"8" 1050970.80042756 771446.82150709 631663.86104045 510563.280552675 396166.667563632 293789.800796438 208359.345716024 141139.521682344 90911.2871611523 55376.1280083963 32006.4822521238 18447.8955052707 12667.7466552751 12980.1294992084 18017.3919183804 26684.3646944620 38110.5046175175 51606.8017545465 66629.4362384388 82749.5769862011
"9" 1068272.44073329 799825.703003203 666488.673032389 546978.867291675 430573.725509214 324192.878254478 233977.0990139 161907.734069592 107128.216723574 67492.7074099284 40513.5785986849 23820.4624697546 15340.0895288093 13337.4715419729 16395.5905293822 23373.3589013274 33359.2411283063 45628.4460778586 59606.3206842196 74837.6930718616
"10" 1084949.46919126 824470.79874194 697158.758730975 579655.79663907 462033.825642058 352535.612648762 258385.583941733 182228.726238793 123555.428988128 80374.9445918775 50248.9481398574 30803.5958219565 19936.8297109844 15875.4707580110 17162.6096761946 22619.2891673629 31299.7231611874 42448.950811061 55466.1389952961 69873.6277175166
"11" 1100713.3402604 846077.143587323 724333.996906893 609031.089539242 490751.628408749 378821.678361478 281421.782097017 201803.475926353 139784.126096086 93525.9424785634 60646.2580839198 38776.1103801225 25794.0363380514 19897.2936198972 19596.7132108776 23682.0059621852 31178.6607235157 41306.1695112697 53441.3698525592 67087.3144620433
"12" 1115297.78497966 865173.320016392 748561.562891852 635515.389335425 516966.658552742 403131.684465629 303030.309179777 220463.949031355 155554.540679406 106612.18603362 71312.807793881 47298.4858967386 32435.3522725755 24897.8838657324 23170.7446521252 26017.6395452436 32439.8495968231 41635.1303596813 52961.1820308986 65904.435031801
"13" 1128510.41771018 882168.329719569 770289.686764258 659476.932338565 540923.760344921 425586.726021045 323222.426390726 238128.637288715 170708.706047810 119413.568273836 81978.457078597 56060.5822637716 39518.8767306154 30510.3108210506 27498.2513312165 29224.691859522 34670.4049199922 43014.5595991456 53598.3397030568 65893.8019990637
"14" 1140245.16754513 897383.845534627 789884.142552347 681237.482094876 562857.294942532 446326.103958687 342049.665778471 254773.260309627 185158.948343883 131790.339512681 92461.1361154626 64846.198968377 46801.056457475 36469.2412250382 32296.6868624833 33007.1437443206 37563.8468138358 45130.1127277812 55032.6828275483 66731.1154574604
"15" 1150476.27351998 911077.766313172 807643.974596827 701074.223292217 582983.46192242 465493.787928602 359586.487127755 270410.767252641 198865.944463197 143659.711957081 102642.376939848 73507.8153460505 54110.8640588142 42584.7338528044 37360.9835510393 37147.9185877243 40893.7639743185 47747.9491778508 57024.77178818 68172.7849752658
"16" 1159244.27595259 923460.352450385 823814.895941478 719224.234833893 601497.330050035 483230.387638284 375918.816432789 285077.454070407 211823.086735050 154978.938418323 112449.437967865 81948.025614106 61330.7416350264 48722.8497524656 42543.953708725 41489.1736504282 44493.7472265558 50694.9845041826 59396.260214373 70036.422579223
"17" 1166639.24600921 934706.66408389 838600.15549718 735889.74270927 618572.511878341 499668.645540896 391136.544763934 298823.308726894 224045.258336354 165732.933418077 121842.081065757 90105.7008639295 68382.32340563 54791.073117598 47741.5155721783 45917.4154170458 48242.6841410187 53843.9793242759 62015.0236803439 72186.0542657644
"18" 1172784.09579342 944965.203965338 852169.152540998 751243.26480327 634362.24123724 514931.172021829 405328.743194478 311705.368808508 235560.812723364 175925.229969244 130802.780778188 97945.6461711475 75215.6994628162 60727.2990416113 52881.4973082200 50352.1921848247 52053.3397790756 57102.1677125675 64783.8135729943 74520.8269560286
"19" 1177819.88500639 954364.06602158 864664.080082312 765432.264965988 649001.123266586 529129.600201563 418580.766091403 323783.24946291 246405.920457979 185571.446509439 139329.524149204 105450.914376735 81801.3718145749 66491.535814869 57915.1656837784 54737.5113794014 55863.7113893486 60402.5880216423 67631.5939670543 76966.3753233556
"20" 1181893.73805372 963015.040838127 876205.77971699 778583.189306225 662607.125170644 542364.599058113 430972.620873209 335116.224393438 256620.656293657 194694.617258840 147430.571059312 112617.138319266 88124.2704566227 72059.6916342051 62810.850055228 59035.354250629 59630.4753545588 63697.4954574634 70506.9455744385 79468.2376175572
